1250 threads, 100 nails:
[0, 50, 99, 54, 97, 53, 96, 43, 19, 85, 20, 86, 21, 87, 22, 88, 21, 84, 19, 86, 22, 63, 32, 64, 33, 66, 32, 65, 33, 67, 34, 64, 31, 62, 32, 61, 30, 60, 31, 63, 33, 8, 34, 66, 31, 61, 29, 59, 30, 64, 29, 
60, 32, 7, 33, 9, 35, 67, 36, 11, 37, 12, 36, 13, 38, 14, 39, 13, 37, 14, 36, 10, 35, 70, 27, 69, 26, 63, 25, 68, 35, 12, 38, 15, 39, 12, 34, 65, 31, 59, 28, 58, 29, 73, 30, 74, 24, 88, 23, 81, 18, 83, 19, 87, 23, 89, 22, 81, 21, 85, 23, 80, 18, 42, 95, 51, 0, 55, 3, 43, 20, 87, 24, 84, 18, 41, 17, 42, 94, 51, 92, 53, 9, 36, 70, 34, 7, 44, 5, 57, 29, 65, 35, 11, 45, 6, 33, 62, 30, 66, 35, 13, 40, 14, 39, 17, 80, 22, 84, 20, 89, 21, 82, 18, 79, 28, 71, 35, 8, 32, 67, 24, 80, 26, 68, 38, 59, 29, 72, 40, 15, 37, 67, 22, 82, 24, 63, 21, 90, 22, 83, 23, 77, 27, 65, 26, 77, 25, 81, 19, 88, 18, 85, 22, 79, 26, 64, 32, 9, 34, 63, 30, 58, 31, 75, 30, 60, 39, 16, 41, 94, 50, 99, 49, 98, 52, 95, 43, 9, 31, 76, 27, 64, 35, 69, 33, 12, 46, 13, 34, 68, 36, 65, 23, 90, 19, 42, 2, 54, 92, 61, 39, 59, 89, 58, 27, 78, 28, 70, 37, 11, 34, 69, 25, 82, 
23, 86, 18, 87, 21, 91, 53, 88, 20, 42, 4, 56, 3, 42, 96, 51, 93, 47, 92, 62, 25, 75, 28, 60, 38, 71, 34, 14, 41, 19, 82, 33, 13, 32, 6, 30, 57, 28, 77, 32, 63, 23, 79, 21, 83, 1, 52, 96, 49, 97, 43, 18, 89, 24, 78, 26, 74, 29, 69, 24, 81, 20, 83, 15, 84, 23, 78, 29, 63, 47, 62, 46, 8, 45, 12, 56, 14, 87, 15, 85, 24, 79, 17, 81, 0, 82, 1, 41, 12, 55, 92, 22, 43, 21, 45, 90, 60, 91, 19, 79, 25, 67, 35, 60, 41, 20, 44, 62, 34, 10, 54, 93, 63, 27, 68, 39, 58, 37, 66, 33, 11, 31, 7, 45, 61, 38, 58, 86, 16, 85, 1, 55, 91, 23, 70, 26, 76, 25, 83, 34, 72, 28, 64, 33, 59, 42, 21, 80, 99, 81, 1, 51, 91, 22, 45, 59, 30, 8, 53, 90, 24, 
77, 29, 6, 31, 62, 94, 54, 88, 15, 36, 73, 25, 65, 30, 9, 54, 98, 79, 20, 63, 35, 9, 46, 61, 41, 2, 40, 93, 74, 91, 61, 42, 58, 85, 13, 41, 6, 44, 21, 78, 25, 88, 57, 39, 18, 37, 71, 40, 12, 32, 76, 36, 72, 38, 
69, 32, 81, 27, 71, 39, 62, 45, 58, 90, 73, 89, 15, 86, 1, 84, 0, 80, 19, 92, 46, 60, 40, 21, 77, 31, 13, 55, 4, 56, 83, 17, 82, 99, 83, 24, 73, 35, 74, 92, 23, 44, 10, 33, 14, 89, 60, 43, 2, 52, 4, 43, 23, 93, 
22, 46, 65, 28, 68, 33, 7, 30, 12, 37, 9, 29, 56, 86, 24, 75, 36, 64, 48, 95, 41, 57, 84, 16, 88, 73, 26, 75, 92, 56, 36, 69, 28, 82, 2, 87, 52, 94, 65, 47, 61, 40, 63, 28, 8, 31, 5, 32, 59, 41, 93, 55, 82, 20, 
78, 17, 37, 10, 85, 0, 83, 3, 41, 56, 5, 53, 1, 80, 98, 81, 33, 15, 35, 84, 17, 43, 12, 47, 66, 21, 93, 59, 35, 62, 32, 11, 46, 7, 35, 55, 84, 99, 79, 0, 54, 81, 2, 88, 72, 41, 21, 46, 91, 75, 27, 66, 48, 62, 20, 80, 31, 12, 29, 8, 34, 67, 38, 55, 43, 24, 76, 18, 36, 74, 90, 15, 79, 97, 44, 63, 48, 61, 30, 13, 86, 0, 41, 73, 92, 40, 1, 39, 77, 22, 40, 57, 4, 84, 6, 51, 79, 32, 49, 31, 74, 94, 70, 33, 78, 18, 83, 14, 31, 10, 32, 78, 39, 63, 46, 58, 36, 67, 21, 64, 93, 19, 45, 57, 37, 68, 91, 76, 90, 61, 33, 83, 98, 82, 27, 59, 44, 22, 42, 7, 88, 1, 83, 7, 51, 38, 1, 87, 71, 85, 2, 53, 6, 28, 9, 86, 73, 15, 91, 24, 66, 46, 23, 
40, 68, 23, 42, 57, 34, 6, 87, 59, 47, 94, 22, 69, 95, 54, 42, 12, 36, 19, 85, 72, 89, 4, 31, 64, 45, 66, 89, 1, 81, 29, 71, 86, 14, 30, 79, 52, 85, 25, 45, 9, 42, 73, 38, 18, 73, 91, 5, 30, 11, 55, 41, 65, 48, 
60, 37, 76, 93, 61, 25, 74, 87, 10, 36, 8, 27, 72, 84, 98, 44, 96, 71, 36, 66, 23, 95, 77, 93, 49, 63, 19, 89, 6, 57, 46, 2, 86, 7, 29, 13, 39, 70, 95, 22, 76, 30, 48, 67, 31, 69, 93, 75, 35, 14, 55, 28, 5, 43, 
54, 3, 82, 56, 40, 62, 24, 42, 60, 47, 23, 94, 63, 38, 21, 62, 87, 0, 88, 75, 94, 39, 11, 47, 64, 19, 77, 92, 24, 46, 59, 91, 45, 20, 86, 74, 89, 67, 49, 33, 65, 45, 60, 34, 84, 10, 30, 69, 81, 5, 58, 48, 29, 14, 32, 7, 91, 56, 13, 83, 71, 88, 10, 28, 12, 54, 39, 93, 6, 43, 73, 93, 42, 8, 52, 40, 24, 44, 4, 87, 72, 24, 94, 55, 97, 80, 15, 78, 99, 44, 61, 49, 62, 26, 83, 29, 5, 92, 63, 18, 35, 61, 31, 48, 96, 23, 38, 17, 76, 89, 2, 39, 69, 15, 41, 53, 80, 70, 84, 7, 26, 84, 73, 34, 64, 25, 87, 99, 85, 5, 27, 57, 38, 54, 28, 73, 17, 33, 6, 58, 93, 62, 86, 4, 90, 67, 23, 45, 56, 15, 94, 61, 43, 25, 84, 14, 43, 94, 77, 16, 40, 73, 83, 55, 81, 70, 86, 98, 79, 27, 12, 85, 11, 29, 55, 37, 59, 48, 32, 18, 75, 15, 81, 6, 52, 41, 62, 29, 70, 32, 52, 3, 88, 65, 22, 37, 65, 49, 59, 43, 8, 82, 34, 19, 62, 91, 2, 90, 0, 38, 93, 10, 89, 63, 36, 17, 40, 9, 27, 6, 85, 74, 20, 66, 85, 29, 80, 13, 57, 47, 8, 26, 67, 47, 22, 36, 50, 63, 33, 67, 88, 6, 94, 66, 50, 38, 11, 86, 72, 83, 70, 93, 2, 84, 13, 45, 97, 81, 71, 15, 57, 44, 25, 40, 59, 36, 23, 71, 82, 14, 28, 66, 91, 1, 54, 6, 50, 61, 36, 11, 42, 53, 93, 24, 68, 14, 69, 79, 16, 42, 62, 22, 38, 20, 33, 60, 24, 64, 92, 76, 88, 98, 85, 9, 94, 48, 69, 94, 5, 83, 11, 41, 68, 90, 77, 91, 39, 19, 35, 72, 91, 9, 47, 56, 28, 7, 87, 70, 85, 35, 23, 73, 82, 30, 49, 58, 41, 63, 95, 62, 18, 74, 21, 37, 69, 47, 3, 89, 99, 53, 43, 13, 88, 5, 45, 55, 2, 92, 57, 83, 74, 38, 13, 27, 14, 79, 33, 8, 87, 30, 4, 41, 66, 52, 39, 72, 33, 23, 5, 86, 75, 14, 54, 34, 49, 66, 29, 10, 78, 0, 89, 56]

2000 threads, 100 nails:
[0, 50, 99, 54, 97, 53, 96, 43, 19, 85, 20, 86, 21, 87, 22, 88, 21, 84, 19, 86, 22, 63, 32, 64, 33, 66, 32, 65, 33, 67, 34, 64, 31, 62, 32, 61, 30, 60, 31, 63, 33, 8, 34, 66, 31, 61, 29, 59, 30, 64, 29, 
60, 32, 7, 33, 9, 35, 67, 36, 11, 37, 12, 36, 13, 38, 14, 39, 13, 37, 14, 36, 10, 35, 70, 27, 69, 26, 63, 25, 68, 35, 12, 38, 15, 39, 12, 34, 65, 31, 59, 28, 58, 29, 73, 30, 74, 24, 88, 23, 81, 18, 83, 19, 87, 23, 89, 22, 81, 21, 85, 23, 80, 18, 42, 95, 51, 0, 55, 3, 43, 20, 87, 24, 84, 18, 41, 17, 42, 94, 51, 92, 53, 9, 36, 70, 34, 7, 44, 5, 57, 29, 65, 35, 11, 45, 6, 33, 62, 30, 66, 35, 13, 40, 14, 39, 17, 80, 22, 84, 20, 89, 21, 82, 18, 79, 28, 71, 35, 8, 32, 67, 24, 80, 26, 68, 38, 59, 29, 72, 40, 15, 37, 67, 22, 82, 24, 63, 21, 90, 22, 83, 23, 77, 27, 65, 26, 77, 25, 81, 19, 88, 18, 85, 22, 79, 26, 64, 32, 9, 34, 63, 30, 58, 31, 75, 30, 60, 39, 16, 41, 94, 50, 99, 49, 98, 52, 95, 43, 9, 31, 76, 27, 64, 35, 69, 33, 12, 46, 13, 34, 68, 36, 65, 23, 90, 19, 42, 2, 54, 92, 61, 39, 59, 89, 58, 27, 78, 28, 70, 37, 11, 34, 69, 25, 82, 
23, 86, 18, 87, 21, 91, 53, 88, 20, 42, 4, 56, 3, 42, 96, 51, 93, 47, 92, 62, 25, 75, 28, 60, 38, 71, 34, 14, 41, 19, 82, 33, 13, 32, 6, 30, 57, 28, 77, 32, 63, 23, 79, 21, 83, 1, 52, 96, 49, 97, 43, 18, 89, 24, 78, 26, 74, 29, 69, 24, 81, 20, 83, 15, 84, 23, 78, 29, 63, 47, 62, 46, 8, 45, 12, 56, 14, 87, 15, 85, 24, 79, 17, 81, 0, 82, 1, 41, 12, 55, 92, 22, 43, 21, 45, 90, 60, 91, 19, 79, 25, 67, 35, 60, 41, 20, 44, 62, 34, 10, 54, 93, 63, 27, 68, 39, 58, 37, 66, 33, 11, 31, 7, 45, 61, 38, 58, 86, 16, 85, 1, 55, 91, 23, 70, 26, 76, 25, 83, 34, 72, 28, 64, 33, 59, 42, 21, 80, 99, 81, 1, 51, 91, 22, 45, 59, 30, 8, 53, 90, 24, 
77, 29, 6, 31, 62, 94, 54, 88, 15, 36, 73, 25, 65, 30, 9, 54, 98, 79, 20, 63, 35, 9, 46, 61, 41, 2, 40, 93, 74, 91, 61, 42, 58, 85, 13, 41, 6, 44, 21, 78, 25, 88, 57, 39, 18, 37, 71, 40, 12, 32, 76, 36, 72, 38, 
69, 32, 81, 27, 71, 39, 62, 45, 58, 90, 73, 89, 15, 86, 1, 84, 0, 80, 19, 92, 46, 60, 40, 21, 77, 31, 13, 55, 4, 56, 83, 17, 82, 99, 83, 24, 73, 35, 74, 92, 23, 44, 10, 33, 14, 89, 60, 43, 2, 52, 4, 43, 23, 93, 
22, 46, 65, 28, 68, 33, 7, 30, 12, 37, 9, 29, 56, 86, 24, 75, 36, 64, 48, 95, 41, 57, 84, 16, 88, 73, 26, 75, 92, 56, 36, 69, 28, 82, 2, 87, 52, 94, 65, 47, 61, 40, 63, 28, 8, 31, 5, 32, 59, 41, 93, 55, 82, 20, 
78, 17, 37, 10, 85, 0, 83, 3, 41, 56, 5, 53, 1, 80, 98, 81, 33, 15, 35, 84, 17, 43, 12, 47, 66, 21, 93, 59, 35, 62, 32, 11, 46, 7, 35, 55, 84, 99, 79, 0, 54, 81, 2, 88, 72, 41, 21, 46, 91, 75, 27, 66, 48, 62, 20, 80, 31, 12, 29, 8, 34, 67, 38, 55, 43, 24, 76, 18, 36, 74, 90, 15, 79, 97, 44, 63, 48, 61, 30, 13, 86, 0, 41, 73, 92, 40, 1, 39, 77, 22, 40, 57, 4, 84, 6, 51, 79, 32, 49, 31, 74, 94, 70, 33, 78, 18, 83, 14, 31, 10, 32, 78, 39, 63, 46, 58, 36, 67, 21, 64, 93, 19, 45, 57, 37, 68, 91, 76, 90, 61, 33, 83, 98, 82, 27, 59, 44, 22, 42, 7, 88, 1, 83, 7, 51, 38, 1, 87, 71, 85, 2, 53, 6, 28, 9, 86, 73, 15, 91, 24, 66, 46, 23, 
40, 68, 23, 42, 57, 34, 6, 87, 59, 47, 94, 22, 69, 95, 54, 42, 12, 36, 19, 85, 72, 89, 4, 31, 64, 45, 66, 89, 1, 81, 29, 71, 86, 14, 30, 79, 52, 85, 25, 45, 9, 42, 73, 38, 18, 73, 91, 5, 30, 11, 55, 41, 65, 48, 
60, 37, 76, 93, 61, 25, 74, 87, 10, 36, 8, 27, 72, 84, 98, 44, 96, 71, 36, 66, 23, 95, 77, 93, 49, 63, 19, 89, 6, 57, 46, 2, 86, 7, 29, 13, 39, 70, 95, 22, 76, 30, 48, 67, 31, 69, 93, 75, 35, 14, 55, 28, 5, 43, 
54, 3, 82, 56, 40, 62, 24, 42, 60, 47, 23, 94, 63, 38, 21, 62, 87, 0, 88, 75, 94, 39, 11, 47, 64, 19, 77, 92, 24, 46, 59, 91, 45, 20, 86, 74, 89, 67, 49, 33, 65, 45, 60, 34, 84, 10, 30, 69, 81, 5, 58, 48, 29, 14, 32, 7, 91, 56, 13, 83, 71, 88, 10, 28, 12, 54, 39, 93, 6, 43, 73, 93, 42, 8, 52, 40, 24, 44, 4, 87, 72, 24, 94, 55, 97, 80, 15, 78, 99, 44, 61, 49, 62, 26, 83, 29, 5, 92, 63, 18, 35, 61, 31, 48, 96, 23, 38, 17, 76, 89, 2, 39, 69, 15, 41, 53, 80, 70, 84, 7, 26, 84, 73, 34, 64, 25, 87, 99, 85, 5, 27, 57, 38, 54, 28, 73, 17, 33, 6, 58, 93, 62, 86, 4, 90, 67, 23, 45, 56, 15, 94, 61, 43, 25, 84, 14, 43, 94, 77, 16, 40, 73, 83, 55, 81, 70, 86, 98, 79, 27, 12, 85, 11, 29, 55, 37, 59, 48, 32, 18, 75, 15, 81, 6, 52, 41, 62, 29, 70, 32, 52, 3, 88, 65, 22, 37, 65, 49, 59, 43, 8, 82, 34, 19, 62, 91, 2, 90, 0, 38, 93, 10, 89, 63, 36, 17, 40, 9, 27, 6, 85, 74, 20, 66, 85, 29, 80, 13, 57, 47, 8, 26, 67, 47, 22, 36, 50, 63, 33, 67, 88, 6, 94, 66, 50, 38, 11, 86, 72, 83, 70, 93, 2, 84, 13, 45, 97, 81, 71, 15, 57, 44, 25, 40, 59, 36, 23, 71, 82, 14, 28, 66, 91, 1, 54, 6, 50, 61, 36, 11, 42, 53, 93, 24, 68, 14, 69, 79, 16, 42, 62, 22, 38, 20, 33, 60, 24, 64, 92, 76, 88, 98, 85, 9, 94, 48, 69, 94, 5, 83, 11, 41, 68, 90, 77, 91, 39, 19, 35, 72, 91, 9, 47, 56, 28, 7, 87, 70, 85, 35, 23, 73, 82, 30, 49, 58, 41, 63, 95, 62, 18, 74, 21, 37, 69, 47, 3, 89, 99, 53, 43, 13, 88, 5, 45, 55, 2, 92, 57, 83, 74, 38, 13, 27, 14, 79, 33, 8, 87, 30, 4, 41, 66, 52, 39, 72, 33, 23, 5, 86, 75, 14, 54, 34, 49, 66, 29, 10, 78, 0, 89, 56, 44, 11, 28, 84, 71, 80, 32, 65, 51, 67, 77, 36, 86, 10, 46, 54, 83, 10, 77, 17, 34, 59, 6, 92, 37, 16, 57, 12, 51, 39, 76, 15, 31, 18, 30, 3, 94, 40, 98, 78, 51, 62, 71, 33, 18, 64, 42, 14, 85, 73, 64, 88, 4, 93, 1, 50, 90, 10, 40, 65, 86, 59, 23, 37, 53, 38, 25, 8, 84, 75, 66, 81, 13, 87, 31, 81, 73, 16, 38, 78, 95, 5, 57, 49, 64, 22, 68, 42, 52, 63, 85, 7, 92, 69, 78, 91, 99, 37, 8, 91, 3, 48, 92, 39, 15, 34, 24, 36, 57, 87, 73, 21, 32, 85, 75, 39, 66, 53, 13, 42, 72, 9, 89, 44, 65, 20, 4, 29, 18, 58, 44, 74, 65, 83, 35, 86, 97, 75, 17, 35, 25, 90, 3, 55, 68, 82, 13, 36, 54, 45, 63, 43, 96, 24, 6, 60, 51, 40, 8, 24, 32, 17, 71, 61, 24, 45, 95, 2, 94, 64, 23, 60, 31, 88, 77, 41, 22, 88, 11, 84, 65, 73, 31, 57, 85, 4, 53, 39, 12, 84, 76, 67, 15, 62, 50, 37, 77, 15, 28, 81, 74, 15, 68, 95, 42, 25, 66, 14, 44, 64, 41, 7, 89, 98, 48, 56, 38, 24, 35, 8, 88, 99, 86, 60, 7, 52, 43, 66, 79, 71, 89, 54, 66, 22, 59, 0, 84, 9, 39, 79, 10, 94, 78, 68, 21, 30, 19, 44, 60, 84, 18, 46, 53, 33, 58, 84, 30, 23, 6, 95, 4, 19, 38, 68, 81, 61, 52, 13, 48, 93, 7, 81, 14, 47, 31, 85, 76, 68, 48, 52, 84, 97, 89, 36, 16, 2, 62, 72, 10, 38, 14, 26, 37, 25, 5, 84, 36, 7, 97, 51, 80, 40, 11, 54, 79, 67, 39, 90, 45, 0, 92, 67, 82, 74, 43, 62, 23, 29, 86, 3, 44, 55, 67, 30, 15, 42, 1, 85, 61, 51, 42, 5, 33, 25, 7, 82, 65, 42, 56, 50, 0, 94, 49, 69, 77, 84, 63, 71, 60, 18, 28, 19, 58, 88, 34, 20, 3, 96, 85, 34, 80, 72, 15, 92, 
21, 33, 84, 66, 34, 58, 21, 60, 52, 36, 27, 23, 58, 47, 28, 0, 15, 82, 70, 60, 92, 8, 23, 32, 66, 73, 77, 87, 11, 80, 74, 34, 48, 57, 14, 45, 18, 69, 59, 52, 91, 37, 20, 29, 2, 98, 92, 38, 49, 55, 15, 2, 56, 66, 5, 93, 65, 19, 61, 88, 32, 6, 90, 79, 40, 91, 69, 13, 61, 28, 74, 88, 9, 76, 69, 40, 66, 87, 16, 33, 51, 44, 88, 26, 57, 22, 31, 25, 91, 0, 51, 63, 73, 79, 91, 18, 44, 9, 82, 62, 37, 72, 81, 52, 65, 6, 98, 93, 
15, 96, 4, 65, 71, 18, 34, 26, 43, 15, 66, 80, 16, 56, 30, 86, 33, 89, 27, 23, 48, 39, 10, 91, 16, 83, 59, 21, 36, 87, 50, 5, 26, 66, 78, 70, 62, 17, 29, 22, 35, 52, 48, 12, 38, 8, 95, 76, 83, 67, 14, 3, 93, 78, 92, 9, 59, 53, 85, 43, 58, 69, 61, 8, 55, 39, 20, 61, 84, 74, 67, 95, 39, 49, 11, 66, 38, 29, 47, 91, 38, 77, 73, 14, 58, 20, 75, 37, 13, 75, 82, 77, 81, 40, 48, 41, 72, 61, 53, 45, 1, 90, 59, 85, 27, 18, 59, 7, 98, 2, 6, 83, 31, 27, 23, 34, 51, 3, 84, 50, 64, 6, 37, 88, 52, 57, 61, 14, 91, 98, 94, 19, 31, 89, 79, 85, 36, 98, 26, 35, 16, 0, 52, 62, 9, 52, 48, 35, 31, 21, 28, 67, 73, 39, 89, 16, 4, 49, 76, 42, 63, 69, 
83, 62, 79, 31, 27, 15, 44, 95, 86, 52, 56, 61, 7, 2, 98, 77, 73, 33, 27, 54, 2, 9, 24, 71, 66, 18, 40, 47, 55, 65, 39, 8, 93, 89, 35, 12, 52, 67, 57, 1, 84, 80, 42, 18, 57, 61, 1, 94, 98, 87, 78, 72, 65, 34, 90, 13, 68, 77, 81, 11, 50, 39, 43, 48, 14, 2, 6, 63, 17, 46, 1, 15, 32, 57, 21, 27, 36, 31, 35, 70, 38, 26, 91, 11, 89, 50, 57, 91, 81, 64, 38, 86, 76, 28, 88, 97, 71, 67, 62, 47, 41, 17, 79, 85, 17, 31, 70, 14, 
23, 27, 31, 46, 14, 53, 57, 61]

2500 threads, 150 nails:
[0, 76, 142, 77, 1, 78, 143, 63, 27, 125, 28, 127, 30, 129, 31, 130, 32, 132, 33, 131, 34, 130, 28, 62, 26, 61, 23, 59, 21, 58, 20, 56, 18, 55, 17, 56, 19, 54, 101, 52, 100, 50, 98, 49, 96, 48, 94, 47, 96, 50, 99, 49, 100, 48, 93, 47, 98, 51, 12, 50, 95, 47, 92, 46, 90, 45, 89, 44, 90, 43, 88, 45, 96, 51, 13, 53, 14, 52, 105, 41, 104, 51, 100, 53, 19, 58, 22, 55, 16, 54, 18, 53, 20, 52, 97, 49, 101, 37, 95, 39, 103, 38, 95, 49, 10, 48, 98, 46, 112, 45, 91, 48, 13, 52, 12, 67, 9, 65, 144, 79, 143, 64, 28, 126, 31, 131, 32, 122, 28, 124, 34, 121, 28, 128, 33, 121, 26, 119, 32, 133, 31, 132, 34, 126, 27, 123, 35, 120, 36, 100, 47, 89, 43, 108, 42, 87, 44, 110, 45, 99, 48, 11, 51, 101, 34, 128, 32, 125, 35, 122, 36, 112, 37, 116, 41, 103, 40, 117, 36, 130, 33, 134, 31, 135, 28, 129, 32, 94, 50, 97, 54, 17, 68, 18, 50, 104, 39, 94, 46, 89, 42, 102, 53, 105, 40, 121, 29, 63, 142, 64, 4, 82, 0, 75, 149, 81, 3, 63, 25, 62, 2, 83, 5, 84, 6, 65, 29, 132, 27, 61, 21, 56, 101, 53, 98, 44, 88, 57, 18, 51, 20, 50, 14, 80, 145, 77, 141, 76, 138, 
80, 137, 91, 58, 18, 84, 7, 66, 10, 50, 124, 33, 127, 35, 118, 39, 115, 41, 98, 52, 19, 55, 106, 42, 88, 47, 114, 38, 122, 34, 134, 28, 123, 34, 119, 37, 109, 44, 96, 46, 87, 133, 33, 129, 29, 131, 28, 59, 90, 57, 101, 50, 93, 138, 92, 45, 9, 49, 19, 69, 138, 82, 149, 74, 148, 75, 141, 63, 30, 128, 23, 132, 79, 12, 47, 14, 65, 30, 120, 43, 103, 36, 121, 0, 122, 49, 93, 69, 11, 47, 113, 40, 102, 37, 115, 46, 13, 68, 136, 32, 64, 144, 73, 145, 81, 136, 28, 65, 5, 62, 31, 125, 33, 95, 48, 20, 54, 15, 81, 139, 77, 140, 61, 90, 135, 88, 58, 89, 52, 106, 56, 16, 67, 8, 61, 108, 60, 18, 83, 6, 85, 7, 79, 131, 35, 116, 38, 97, 41, 112, 39, 114, 43, 87, 56, 89, 134, 32, 137, 76, 1, 124, 36, 127, 2, 123, 149, 120, 34, 127, 24, 131, 22, 133, 86, 59, 87, 63, 26, 118, 36, 119, 25, 61, 141, 71, 94, 51, 16, 46, 111, 44, 86, 127, 29, 59, 27, 130, 88, 62, 1, 121, 148, 119, 38, 115, 42, 107, 53, 96, 43, 107, 60, 2, 125, 29, 64, 92, 70, 94, 49, 12, 53, 91, 57, 102, 52, 21, 49, 104, 40, 116, 36, 123, 32, 124, 149, 125, 22, 134, 110, 39, 96, 69, 92, 140, 80, 13, 45, 95, 40, 99, 55, 86, 63, 18, 47, 9, 50, 11, 68, 93, 139, 111, 137, 28, 133, 35, 121, 37, 117, 42, 90, 70, 98, 43, 102, 50, 16, 53, 93, 66, 31, 127, 1, 120, 0, 128, 84, 125, 1, 122, 33, 65, 145, 66, 85, 60, 3, 62, 30, 130, 23, 133, 109, 52, 96, 67, 17, 49, 22, 135, 67, 87, 58, 92, 71, 140, 97, 47, 21, 83, 137, 112, 54, 88, 46, 19, 57, 107, 130, 29, 117, 39, 105, 55, 101, 39, 111, 138, 28, 118, 33, 63, 6, 125, 148, 122, 26, 124, 83, 53, 108, 36, 111, 45, 14, 44, 9, 46, 91, 60, 139, 94, 68, 86, 46, 99, 72, 142, 112, 136, 31, 59, 106, 41, 94, 52, 110, 138, 33, 68, 90, 65, 34, 117, 44, 113, 38, 102, 54, 13, 47, 8, 48, 115, 28, 120, 148, 126, 32, 69, 89, 62, 85, 125, 0, 119, 147, 74, 49, 123, 0, 129, 24, 132, 81, 146, 78, 2, 122, 81, 14, 43, 9, 62, 34, 125, 51, 95, 31, 128, 20, 45, 100, 72, 93, 59, 82, 5, 133, 110, 132, 3, 122, 147, 65, 32, 100, 56, 91, 72, 98, 67, 84, 130, 20, 49, 105, 54, 109, 135, 21, 45, 116, 141, 92, 136, 34, 68, 10, 46, 12, 64, 35, 124, 27, 128, 1, 57, 89, 140, 111, 131, 9, 79, 2, 133, 108, 38, 118, 32, 140, 103, 42, 13, 49, 92, 66, 8, 85, 58, 17, 53, 90, 47, 73, 147, 126, 23, 54, 85, 63, 81, 121, 3, 69, 33, 103, 46, 95, 140, 114, 136, 21, 55, 98, 39, 120, 37, 123, 1, 126, 107, 40, 115, 58, 77, 119, 31, 123, 147, 127, 10, 51, 86, 57, 94, 30, 126, 52, 99, 69, 85, 124, 2, 120, 25, 131, 3, 59, 84, 61, 4, 83, 62, 20, 46, 113, 132, 15, 43, 12, 44, 21, 84, 126, 105, 143, 65, 82, 19, 50, 91, 62, 109, 35, 60, 33, 139, 103, 52, 111, 130, 149, 121, 105, 141, 97, 73, 90, 58, 104, 42, 16, 69, 137, 109, 41, 114, 48, 9, 133, 100, 71, 89, 61, 95, 44, 92, 73, 46, 11, 52, 93, 141, 113, 137, 8, 86, 61, 139, 28, 119, 46, 22, 129, 108, 125, 10, 130, 93, 70, 33, 115, 139, 22, 51, 107, 56, 30, 66, 35, 135, 7, 47, 10, 122, 104, 143, 77, 125, 21, 43, 116, 49, 73, 95, 70, 12, 40, 96, 42, 18, 65, 36, 101, 58, 78, 131, 148, 128, 109, 23, 134, 1, 83, 64, 80, 144, 63, 36, 
132, 10, 136, 115, 135, 101, 47, 19, 64, 8, 80, 122, 27, 131, 107, 54, 100, 35, 119, 41, 8, 138, 109, 43, 95, 67, 88, 72, 47, 112, 129, 14, 66, 89, 54, 95, 30, 124, 23, 45, 73, 99, 41, 13, 126, 149, 118, 45, 11, 77, 59, 5, 136, 100, 142, 106, 124, 51, 90, 133, 14, 46, 93, 56, 33, 120, 106, 144, 36, 114, 55, 87, 70, 84, 57, 32, 121, 147, 129, 89, 74, 146, 124, 109, 57, 80, 3, 137, 29, 128, 15, 44, 94, 74, 47, 117, 35, 102, 59, 30, 134, 8, 49, 11, 135, 6, 78, 118, 76, 9, 140, 110, 37, 97, 48, 18, 52, 108, 50, 73, 48, 90, 63, 93, 60, 20, 132, 111, 38, 68, 87, 52, 125, 105, 34, 55, 12, 133, 107, 123, 33, 97, 42, 21, 129, 105, 127, 26, 64, 3, 136, 82, 67, 18, 43, 16, 127, 32, 62, 95, 58, 83, 17, 70, 100, 134, 13, 39, 116, 138, 7, 86, 71, 93, 29, 96, 139, 6, 130, 112, 128, 9, 137, 22, 106, 57, 103, 44, 13, 60, 76, 98, 132, 147, 118, 103, 
53, 127, 23, 121, 27, 51, 110, 65, 89, 136, 111, 28, 57, 36, 99, 71, 84, 43, 8, 141, 22, 42, 113, 127, 149, 61, 78, 98, 54, 14, 125, 106, 51, 9, 87, 73, 148, 130, 13, 69, 35, 104, 138, 2, 68, 100, 130, 146, 80, 
65, 20, 47, 120, 82, 18, 41, 21, 103, 54, 78, 127, 110, 47, 87, 128, 22, 85, 56, 75, 99, 32, 116, 23, 48, 12, 137, 68, 35, 126, 9, 135, 114, 100, 122, 107, 120, 3, 140, 5, 61, 92, 75, 54, 35, 95, 52, 104, 128, 146, 133, 16, 124, 0, 67, 134, 102, 58, 16, 131, 109, 49, 28, 96, 77, 0, 118, 27, 45, 12, 58, 97, 55, 31, 121, 48, 7, 65, 38, 14, 131, 21, 124, 110, 24, 125, 17, 44, 72, 92, 77, 99, 137, 4, 63, 11, 138, 70, 34, 98, 69, 88, 63, 84, 72, 51, 17, 42, 123, 50, 105, 121, 101, 142, 7, 46, 26, 59, 94, 62, 142, 81, 64, 37, 104, 117, 78, 95, 42, 100, 31, 67, 36, 60, 97, 124, 7, 136, 13, 132, 108, 14, 135, 0, 126, 15, 52, 90, 125, 26, 120, 102, 32, 93, 143, 98, 123, 84, 19, 40, 22, 130, 114, 28, 44, 108, 119, 49, 72, 96, 141, 59, 118, 145, 131, 83, 73, 44, 97, 71, 4, 141, 2, 58, 14, 127, 148, 80, 68, 29, 110, 97, 51, 102, 61, 18, 49, 33, 100, 69, 94, 45, 8, 88, 75, 93, 125, 112, 23, 104, 47, 25, 123, 106, 145, 128, 11, 140, 60, 89, 67, 11, 134, 116, 101, 132, 6, 30, 57, 34, 52, 36, 9, 85, 18, 126, 53, 32, 66, 83, 22, 123, 111, 141, 10, 69, 18, 
77, 2, 132, 94, 54, 114, 102, 136, 149, 129, 12, 42, 125, 20, 43, 127, 19, 86, 74, 57, 95, 127, 114, 29, 43, 119, 103, 50, 111, 135, 33, 98, 138, 148, 20, 57, 92, 62, 77, 120, 50, 36, 95, 142, 9, 90, 78, 60, 81, 52, 128, 17, 62, 12, 56, 37, 94, 107, 92, 137, 149, 119, 23, 41, 122, 99, 56, 102, 82, 133, 97, 35, 110, 63, 10, 139, 70, 91, 73, 89, 59, 138, 12, 39, 124, 94, 63, 76, 87, 8, 129, 111, 121, 100, 117, 28, 61, 16, 45, 34, 60, 88, 126, 98, 109, 61, 96, 34, 47, 6, 144, 72, 94, 27, 134, 15, 123, 12, 78, 8, 143, 5, 30, 99, 129, 116, 105, 90, 134, 4, 81, 68, 9, 42, 30, 113, 55, 38, 13, 128, 113, 101, 21, 50, 32, 54, 84, 147, 138, 56, 27, 67, 149, 133, 115, 22, 103, 125, 49, 117, 0, 56, 23, 3, 129, 10, 40, 25, 117, 103, 55, 72, 81, 100, 43, 35, 91, 65, 84, 23, 106, 48, 78, 137, 110, 122, 47, 36, 126, 20, 140, 94, 53, 33, 104, 116, 58, 11, 79, 69, 136, 24, 1, 139, 87, 45, 114, 124, 44, 27, 87, 78, 72, 46, 130, 98, 111, 42, 81, 55, 30, 131, 6, 28, 140, 58, 94, 65, 142, 3, 138, 95, 109, 125, 5, 79, 62, 87, 129, 35, 52, 17, 132, 144, 2, 80, 0, 89, 50, 118, 101, 84, 6, 97, 57, 21, 39, 54, 31, 94, 128, 100, 137, 55, 28, 95, 106, 115, 127, 21, 63, 12, 135, 3, 22, 48, 35, 44, 32, 141, 147, 131, 96, 121, 19, 61, 80, 9, 75, 64, 13, 79, 94, 60, 4, 131, 19, 
51, 92, 105, 124, 116, 132, 9, 35, 41, 127, 92, 80, 70, 140, 6, 24, 85, 135, 95, 122, 112, 120, 27, 62, 108, 93, 38, 49, 71, 52, 82, 63, 78, 72, 18, 129, 53, 111, 101, 125, 38, 22, 84, 129, 26, 110, 130, 15, 118, 99, 51, 31, 61, 93, 78, 67, 81, 91, 139, 7, 41, 19, 85, 45, 123, 52, 130, 89, 33, 46, 120, 20, 39, 49, 107, 97, 53, 79, 124, 13, 137, 148, 140, 12, 131, 51, 105, 115, 27, 39, 57, 117, 131, 37, 46, 8, 100, 85, 
78, 57, 139, 109, 31, 98, 63, 92, 104, 57, 71, 95, 32, 47, 133, 34, 138, 60, 110, 123, 30, 111, 118, 48, 74, 83, 102, 60, 83, 90, 10, 3, 147, 141, 9, 3, 25, 45, 108, 57, 17, 75, 130, 118, 107, 58, 13, 35, 41, 53, 11, 86, 64, 89, 104, 93, 3, 147, 11, 139, 29, 48, 132, 0, 127, 97, 105, 88, 9, 95, 27, 50, 106, 34, 43, 112, 134, 144, 5, 22, 118, 124, 103, 90, 55, 15, 127, 51, 21, 92, 85, 126, 114, 121, 7, 29, 92, 54, 131, 
91, 76, 65, 72, 54, 10, 131, 65, 3, 29, 41, 46, 57, 111, 100, 109, 115, 122, 23, 137, 114, 134, 146, 141, 33, 44, 84, 78, 70, 58, 136, 79, 20, 124, 96, 54, 128, 96, 108, 25, 52, 16, 129, 94, 43, 54, 133, 138, 30, 69, 103, 97, 112, 32, 51, 122, 116, 52, 91, 36, 109, 101, 107, 59, 91, 78, 88, 61, 77, 10, 148, 133, 140, 0, 25, 133, 7, 99, 38, 23, 86, 43, 110, 54, 37, 103, 23, 114, 31, 122, 16, 116, 120, 110, 95, 34, 40, 52, 69, 63, 58, 81, 87, 92, 87, 10, 3, 14, 56, 94, 73, 63, 58, 47, 129, 19, 45, 131, 2, 76, 100, 50, 33, 111, 126, 42, 118, 129, 144, 138, 133, 55, 50, 72, 66, 99, 110, 116, 59, 19, 134, 50, 46, 41, 36, 128, 122, 108, 128, 24, 2, 12, 92, 87, 77, 97, 45, 33, 101, 107, 35, 88, 26, 126, 94, 100, 21, 113, 27, 96, 58, 63, 135, 59, 35, 10, 6, 127, 122, 14, 139, 147, 141, 15, 6, 147, 3, 61, 75, 115, 125, 130, 11, 57, 82, 132, 
137, 133, 99, 87, 81, 85, 42, 26, 111, 66, 72, 78, 96, 137, 20, 31, 53, 47, 41, 31, 69, 139, 56, 86, 22, 62, 138, 90, 62, 81, 78, 84, 94, 40, 35, 113, 52, 42, 121, 116, 120, 132, 125, 130, 49, 43, 106, 60, 1, 136, 94, 100, 104, 109, 115, 53, 58, 62, 102, 48, 124, 41, 57, 66, 148, 22, 116, 31, 63, 58, 106, 92, 88, 92, 103, 107, 132, 4, 9, 124, 29, 25, 65, 62, 4, 20, 10, 45, 56, 50, 46, 107, 28, 87, 92, 139, 144, 147, 13, 34, 28, 56, 112, 100, 95, 85, 88, 66, 72, 143, 36, 21, 119, 30, 54, 40, 111, 107, 103, 98, 9, 3, 6, 77, 64, 94, 34, 23, 18, 133, 137, 141, 145, 54, 50, 46, 41, 14, 70, 86, 9, 52, 57, 62, 65, 55, 135, 24, 121, 
125, 130, 2, 92, 109, 121, 125, 95, 100, 61, 113, 37, 21, 126, 47, 43, 39, 28, 18, 76, 149, 73, 69, 66, 94, 42, 98, 62, 58, 137, 133, 128, 115, 118, 122, 125, 130, 65, 62, 140, 144, 14, 114, 99, 57, 141, 137, 133, 93, 88, 85, 81, 78, 72, 69, 80, 134, 35, 130, 81, 84, 119, 59, 147, 3, 6, 10, 137, 15, 10, 146, 17, 127, 12, 35, 105, 93, 107, 103, 100, 104, 44, 55, 50, 47, 43, 11, 145, 124, 22, 13, 65, 69, 72, 138, 141, 82, 121, 51, 41, 27, 90, 60, 121, 118, 115, 110, 42, 105, 58, 62, 65, 16, 48, 89, 122, 133, 137, 56, 52, 47, 50, 79, 146, 127, 109, 55, 50, 127, 132, 128, 125, 122, 118, 93, 97, 100, 103, 63, 23, 28, 32, 36, 47, 43, 39, 123, 19, 23, 51, 14, 72, 85, 88, 92, 88, 85, 81, 78, 81, 84, 133, 137, 141, 144, 147, 8, 51, 73, 146, 82, 9, 6, 3, 91, 67, 20, 13, 9, 6, 79, 54, 146, 132, 128, 125, 113, 49, 34, 30, 25, 28, 94, 103, 107, 
111, 37, 127, 27, 109, 45, 104, 60, 69, 66, 63, 121, 118, 115, 25, 20, 82, 93, 97, 100, 103, 137, 34, 114, 19, 22, 18, 13, 9, 139, 117, 31, 99, 53]