2500 threads, 100 nails:
[0, 46, 8, 42, 9, 41, 7, 43, 4, 44, 6, 42, 10, 40, 8, 43, 5, 44, 3, 48, 8, 39, 9, 38, 10, 41, 6, 43, 3, 42, 7, 40, 11, 39, 12, 38, 8, 41, 11, 37, 9, 43, 2, 47, 7, 46, 1, 47, 6, 40, 9, 45, 5, 42, 4, 49, 3, 45, 8, 44, 98, 43, 10, 39, 7, 38, 13, 37, 10, 36, 12, 40, 5, 46, 99, 45, 7, 49, 2, 42, 11, 36, 8, 37, 14, 41, 3, 50, 5, 41, 12, 35, 10, 44, 2, 48, 9, 44, 99, 43, 1, 42, 13, 39, 6, 52, 5, 39, 14, 36, 9, 47, 0, 
45, 4, 40, 13, 35, 11, 43, 96, 44, 7, 37, 6, 48, 7, 54, 8, 49, 1, 41, 2, 38, 6, 51, 4, 41, 15, 38, 11, 34, 13, 41, 0, 48, 1, 39, 4, 52, 7, 36, 15, 40, 2, 50, 4, 38, 5, 53, 6, 45, 98, 46, 10, 34, 8, 47, 11, 44, 97, 43, 12, 42, 0, 43, 94, 42, 14, 34, 12, 37, 16, 40, 3, 39, 16, 36, 6, 46, 9, 35, 7, 55, 89, 56, 91, 57, 92, 58, 93, 43, 95, 42, 15, 34, 9, 50, 8, 35, 14, 40, 1, 37, 5, 51, 3, 47, 99, 42, 92, 59, 93, 42, 9, 32, 11, 45, 10, 49, 9, 33, 13, 43, 91, 42, 97, 61, 96, 53, 3, 38, 14, 33, 10, 48, 98, 42, 17, 38, 0, 40, 8, 56, 6, 35, 17, 39, 2, 51, 7, 57, 90, 56, 9, 39, 15, 33, 11, 46, 4, 37, 18, 38, 8, 58, 94, 44, 12, 32, 15, 
37, 3, 52, 94, 60, 99, 41, 7, 50, 6, 54, 90, 55, 99, 62, 0, 49, 12, 45, 95, 59, 0, 39, 8, 33, 7, 53, 91, 55, 5, 36, 13, 44, 95, 41, 16, 32, 10, 47, 5, 49, 13, 31, 10, 50, 94, 61, 98, 47, 97, 54, 4, 36, 0, 44, 14, 43, 8, 51, 92, 43, 16, 33, 12, 46, 2, 37, 9, 51, 95, 56, 98, 39, 18, 41, 92, 60, 93, 57, 8, 55, 97, 45, 96, 42, 16, 35, 5, 34, 7, 43, 15, 31, 76, 23, 77, 25, 79, 26, 77, 24, 76, 22, 75, 30, 11, 48, 4, 43, 18, 
34, 6, 55, 88, 52, 2, 61, 99, 38, 1, 56, 94, 59, 96, 58, 90, 49, 11, 31, 17, 40, 99, 51, 1, 36, 19, 74, 26, 73, 25, 78, 27, 74, 28, 78, 24, 72, 26, 80, 27, 79, 24, 73, 28, 79, 29, 75, 21, 78, 26, 71, 25, 80, 28, 71, 23, 75, 19, 37, 0, 60, 95, 52, 8, 32, 14, 49, 97, 41, 17, 37, 11, 50, 1, 45, 13, 48, 12, 47, 2, 36, 3, 43, 9, 59, 8, 53, 89, 49, 94, 54, 98, 62, 94, 41, 11, 52, 90, 42, 86, 54, 88, 53, 0, 52, 91, 59, 97, 46, 13, 32, 17, 36, 20, 40, 98, 57, 96, 46, 8, 64, 96, 41, 8, 36, 18, 42, 7, 32, 18, 40, 13, 30, 9, 31, 8, 63, 2, 43, 17, 33, 6, 49, 99, 39, 19, 83, 18, 31, 12, 51, 93, 61, 95, 53, 4, 35, 3, 46, 7, 56, 88, 42, 10, 51, 98, 41, 12, 29, 73, 27, 77, 22, 72, 23, 78, 15, 30, 74, 29, 14, 45, 7, 37, 99, 48, 89, 52, 97, 60, 10, 35, 20, 77, 21, 71, 24, 70, 23, 80, 22, 74, 20, 38, 16, 79, 22, 71, 27, 70, 28, 75, 20, 76, 25, 72, 35, 99, 59, 89, 54, 96, 50, 12, 30, 10, 52, 98, 38, 10, 43, 98, 50, 88, 58, 9, 55, 87, 51, 11, 34, 4, 42, 85, 19, 40, 91, 41, 90, 57, 91, 50, 0, 46, 1, 35, 21, 37, 98, 59, 7, 40, 14, 77, 15, 44, 1, 62, 93, 41, 6, 32, 19, 30, 14, 46, 92, 53, 90, 62, 97, 39, 21, 76, 26, 81, 28, 15, 35, 2, 45, 92, 61, 91, 64, 97, 38, 11, 29, 13, 50, 93, 52, 9, 41, 2, 34, 17, 44, 6, 58, 99, 36, 12, 37, 74, 18, 33, 5, 48, 2, 57, 86, 41, 19, 31, 7, 63, 95, 66, 96, 60, 8, 65, 94, 45, 8, 42, 87, 56, 0, 35, 8, 29, 16, 34, 21, 42, 84, 20, 43, 96, 52, 87, 47, 4, 55, 95, 62, 8, 30, 20, 39, 10, 40, 97, 43, 5, 54, 9, 44, 93, 56, 92, 52, 1, 43, 6, 46, 95, 49, 
3, 34, 12, 27, 10, 29, 17, 78, 16, 44, 98, 36, 73, 23, 40, 11, 42, 89, 63, 86, 53, 10, 41, 22, 34, 1, 63, 93, 48, 97, 58, 89, 56, 5, 32, 76, 13, 28, 9, 57, 87, 59, 92, 65, 87, 49, 15, 40, 90, 51, 14, 27, 75, 37, 97, 51, 88, 41, 5, 44, 8, 48, 3, 42, 19, 33, 4, 44, 99, 50, 14, 37, 79, 17, 73, 35, 18, 28, 11, 35, 98, 60, 3, 54, 93, 40, 79, 15, 27, 72, 36, 21, 32, 77, 16, 76, 19, 43, 86, 64, 90, 66, 87, 60, 91, 48, 1, 60, 
9, 40, 6, 31, 14, 48, 96, 63, 91, 54, 84, 60, 94, 53, 11, 39, 23, 35, 74, 24, 38, 12, 52, 81, 41, 89, 69, 97, 35, 13, 33, 99, 57, 92, 39, 7, 58, 95, 36, 10, 59, 2, 62, 88, 43, 11, 26, 16, 30, 7, 44, 3, 32, 20, 29, 80, 41, 20, 70, 99, 46, 15, 83, 42, 6, 52, 99, 63, 94, 40, 21, 31, 75, 12, 40, 96, 47, 1, 42, 13, 26, 15, 76, 38, 21, 70, 88, 60, 90, 68, 97, 53, 2, 33, 77, 39, 96, 55, 85, 18, 44, 10, 57, 6, 45, 99, 34, 71, 
14, 78, 39, 13, 51, 0, 63, 88, 65, 9, 29, 21, 33, 23, 36, 74, 12, 33, 0, 45, 9, 62, 3, 31, 5, 50, 89, 65, 93, 43, 89, 38, 19, 34, 97, 36, 76, 12, 28, 14, 47, 91, 58, 93, 55, 10, 71, 87, 68, 91, 70, 87, 48, 9, 64, 7, 29, 19, 27, 17, 52, 82, 42, 15, 45, 5, 52, 13, 47, 94, 55, 98, 49, 93, 67, 87, 54, 99, 32, 1, 41, 84, 61, 90, 71, 35, 96, 37, 20, 33, 98, 34, 9, 53, 99, 65, 82, 63, 92, 58, 8, 28, 10, 33, 24, 13, 27, 76, 14, 43, 94, 37, 73, 18, 45, 98, 69, 86, 72, 34, 0, 61, 8, 66, 91, 44, 19, 88, 48, 7, 38, 74, 25, 75, 38, 96, 62, 7, 35, 24, 32, 2, 40, 95, 48, 0, 43, 21, 27, 11, 54, 95, 65, 81, 63, 3, 39, 15, 37, 22, 31, 4, 32, 78, 13, 53, 82, 41, 85, 56, 90, 69, 88, 18, 30, 80, 51, 96, 56, 10, 37, 8, 47, 15, 25, 12, 53, 98, 63, 90, 39, 6, 30, 23, 37, 78, 40, 89, 72, 87, 64, 89, 57, 94, 66, 9, 61, 6, 51, 15, 34, 78, 22, 40, 4, 50, 16, 45, 17, 26, 10, 58, 87, 50, 2, 42, 20, 87, 40, 84, 21, 41, 3, 33, 67, 8, 27, 23, 14, 52, 80, 57, 3, 29, 78, 38, 95, 57, 81, 60, 93, 69, 92, 55, 0, 47, 7, 53, 17, 83, 16, 31, 23, 38, 9, 46, 93, 59, 90, 74, 87, 43, 12, 54, 1, 61, 80, 63, 11, 45, 93, 71, 88, 61, 85, 30, 17, 42, 5, 30, 22, 39, 5, 46, 10, 25, 37, 13, 77, 37, 95, 68, 92, 48, 16, 24, 34, 96, 36, 94, 64, 95, 50, 90, 43, 95, 35, 27, 9, 69, 87, 73, 86, 75, 36, 26, 19, 66, 93, 38, 6, 29, 23, 12, 61, 7, 28, 20, 71, 92, 40, 0, 65, 98, 46, 87, 53, 93, 73, 38, 14, 21, 68, 80, 32, 97, 33, 1, 30, 81, 54, 2, 44, 11, 60, 89, 66, 10, 23, 13, 32, 94, 51, 3, 38, 79, 62, 11, 58, 1, 
39, 76, 87, 63, 4, 49, 8, 33, 79, 58, 94, 68, 99, 42, 83, 62, 10, 24, 37, 17, 23, 27, 32, 38, 91, 72, 15, 48, 6, 63, 9, 32, 96, 49, 86, 47, 95, 33, 71, 80, 65, 8, 14, 21, 15, 53, 89, 73, 34, 67, 36, 29, 2, 37, 26, 9, 1, 72, 11, 57, 97, 65, 86, 74, 23, 11, 25, 84, 31, 0, 8, 56, 91, 75, 24, 39, 93, 70, 34, 29, 5, 40, 27, 36, 42, 51, 17, 46, 19, 12, 57, 88, 47, 99, 7, 98, 4, 59, 91, 43, 38, 32, 36, 42, 0, 38, 44, 88, 72, 
79, 50, 85, 76, 92, 54, 13, 22, 42, 94, 71, 0, 9, 2, 46, 39, 95, 60, 92, 0, 57, 4, 30, 35, 93, 31, 2, 95, 4, 11, 18, 14, 8, 24, 29, 18, 23, 41, 49, 18, 55, 12, 64, 92, 73, 22, 70, 9, 47, 41, 36, 29, 32, 41, 48, 
99, 39, 86, 66, 26, 40, 80, 70, 85, 51, 41, 14, 18, 21, 12, 44, 52, 16, 43, 13, 9, 14, 18, 13, 71, 79, 73, 12, 79, 41, 36, 32, 27, 21, 18, 47, 54, 14, 8, 2, 96, 68, 89, 55, 3, 96, 5, 58, 85, 29, 39, 89, 45, 97, 
50, 7, 12, 39, 91, 98, 2, 64, 11, 78, 89, 51, 59, 81, 50, 42, 49, 57, 93, 2, 10, 45, 38, 22, 12, 5, 62, 89, 96, 4, 45, 53, 16, 49, 88, 37, 32, 29, 93, 72, 21, 18, 14, 56, 99, 43, 38, 25, 13, 61, 10, 65, 79, 90, 
44, 38, 32, 0, 37, 41, 50, 17, 40, 48, 52, 84, 75, 90, 98, 92, 30, 94, 61, 97, 56, 86, 42, 12, 6, 28, 20, 68, 9, 13, 9, 2, 98, 8, 18, 64, 0, 6, 37, 28, 78, 62, 54, 46, 94, 34, 81, 73, 77, 91, 96, 88, 77, 26, 29, 32, 36, 43, 37, 92, 62, 85, 32, 36, 7, 27, 23, 18, 13, 9, 4, 28, 16, 72, 39, 80, 58, 52, 59, 15, 18, 21, 24, 65, 3, 94, 69, 81, 29, 32, 67, 9, 15, 50, 56, 48, 42, 38, 46, 52, 60, 10, 54, 18, 70, 12, 58, 2, 55, 
84, 26, 29, 38, 42, 97, 4, 39, 2, 8, 12, 26, 8, 52, 42, 82, 64, 93, 99, 40, 46, 86, 92, 0, 41, 37, 33, 80, 76, 89, 94, 59, 96, 45, 3, 30, 97, 47, 90, 73, 85, 31, 98, 6, 62, 55, 46, 42, 32, 29, 27, 81, 40, 49, 58, 65, 59, 95, 61, 86, 91, 35, 32, 95, 5, 11, 56, 13, 18, 21, 24, 17, 48, 21, 23, 68, 86, 50, 92, 66, 25, 9, 13, 62, 16, 8, 4, 38, 90, 96, 92, 85, 69, 79, 84, 39, 47, 16, 54, 48, 86, 35, 42, 46, 20, 83, 88, 97, 3, 11, 59, 54, 63, 10, 1, 35, 32, 29, 27, 38, 41, 38, 13, 17, 14, 55, 61, 96, 33, 27, 77, 73, 11, 6, 59, 79, 48, 52, 18, 21, 23, 43, 36, 22, 72, 13, 9, 99, 91, 87, 39, 26, 17, 54, 6, 47, 11, 66, 18, 15, 8, 67, 91, 58, 98, 2, 52, 61, 17, 70, 78, 49, 0, 91, 87, 38, 35, 32, 29, 27, 85, 33, 93, 98, 39, 42, 48, 58, 64, 1, 8, 4, 12, 9, 35, 67, 20, 44, 37, 3, 9, 12, 19, 68, 22, 32, 64, 59, 83, 87, 4, 92, 44, 54, 58, 3, 50, 57, 21, 18, 15, 12, 65, 90, 42, 38, 35, 32, 29, 79, 86, 51, 91, 87, 78, 60, 7, 33, 36, 84, 56, 19, 45, 86, 93, 96, 4, 7, 14, 36, 44, 50, 10, 70, 95, 88, 38, 41, 80, 77, 63, 14, 8, 59, 86, 40, 25, 21, 18, 15, 74, 39, 31, 96, 53, 47, 10, 30, 82, 20, 69, 96, 74, 31, 80, 47, 41, 38, 36, 93, 88, 55, 91, 98, 68, 63, 59, 53, 18, 21, 23, 21, 71, 76, 79, 82, 86, 94, 2, 10, 21, 44, 39, 79, 61, 4, 2, 70, 81, 51, 60, 13, 9, 12, 14, 16, 38, 36, 33, 26, 29, 27, 89, 70, 20, 49, 9, 0, 54, 57, 64, 67, 99, 38, 41, 44, 53, 62, 66, 26, 76, 11, 61, 16, 14, 12, 9, 98, 96, 93, 32, 29, 58, 20, 31, 37, 43, 22, 66, 16, 42, 46, 52, 7, 4, 65, 5, 27, 29, 32, 35, 94, 44, 86, 36, 38, 80, 91, 88, 85, 54, 52, 15, 18, 21, 23, 27, 99, 64, 15, 18, 63, 12, 45, 84, 72, 95, 3, 43, 32, 84, 34, 69, 73, 91, 28, 1, 40, 48, 52, 86, 92, 74, 81, 79, 77, 40, 73, 71, 3, 9, 12, 14, 25, 75, 26, 20, 11, 8, 50, 59, 62, 0, 68, 13, 7, 4, 2, 98, 96, 92, 88, 91, 57, 54, 64, 67, 88, 36, 33, 36, 38, 41, 43, 46, 48, 94, 33, 87, 37, 43, 92, 49, 99, 29, 32, 35, 4, 2, 36, 38, 41, 43, 45, 2, 96, 14, 16, 
14, 12, 9, 7, 32, 29, 27, 90, 54, 46, 16, 69, 22, 59, 62, 68, 71, 9, 7, 4, 88, 85, 40, 24, 85, 57, 63, 17, 80, 21, 18, 15, 18, 21, 23, 21, 18, 51, 9, 12, 59, 5, 64, 14, 12, 14, 91, 97, 37, 90, 55, 1, 9, 12, 77, 
79, 82, 86, 88, 91, 93, 96, 98, 30, 95, 56, 18, 15, 57, 54, 52, 41, 38, 36, 33, 28, 97, 46, 48, 81, 67, 29, 27, 18, 21, 23, 42, 73, 77, 25, 8, 6, 60, 82, 41, 38, 77, 79, 36, 38, 41, 43, 45, 20, 82, 58, 66, 17, 8, 32, 29, 32, 35, 32, 39, 94, 92, 70, 19, 13, 55, 47, 85, 53, 60, 64, 67, 19, 53, 11, 71, 73, 14, 16, 14, 12, 9, 7, 26, 43, 84, 86, 34, 92, 72, 80, 30, 86, 83, 21, 23, 65, 11, 9, 12, 14, 16, 75, 62, 59, 57, 55, 
86, 88, 91, 38, 36, 33, 36, 0, 29, 27, 29, 32, 35, 85, 43, 41, 39, 88, 46, 43, 41, 49, 84, 28, 90, 99, 8, 62, 64, 3, 98, 96, 94, 54, 52, 88, 91, 93, 47, 4, 2, 4, 56, 58, 6, 4, 72, 90, 32, 29, 27, 23, 21, 18, 15, 18, 43, 41, 38, 36, 35, 41, 87, 80, 42, 44, 46, 48, 52, 54, 8, 9, 12, 14, 7, 9, 12, 62, 81, 79, 77, 24, 64, 67, 71, 17, 59, 0, 7, 4, 2, 60, 15, 18, 21, 23, 83, 32, 35, 89, 21, 18]